100
3
1 3 5 4 6 8 7 9 2
2 4 6 5 7 9 8 1 3
9 8 7 3 2 1 6 5 4
4 6 8 7 9 2 1 3 5
5 7 9 8 1 3 2 4 6
3 2 1 6 5 4 9 8 7
7 9 2 1 3 5 4 6 8
8 1 3 2 4 6 5 7 9
6 5 4 9 8 7 3 2 1
3
4 3 5 7 6 8 1 9 2
8 1 6 2 4 9 5 7 3
9 2 7 3 5 1 6 8 4
7 6 8 1 9 2 4 3 5
2 4 9 5 7 3 8 1 6
3 5 2 6 8 4 9 2 7
1 9 2 4 3 5 7 6 8
5 7 3 8 1 6 2 4 9
6 8 4 9 2 7 3 5 1
3
1 9 5 4 3 8 7 6 2
8 4 6 2 7 9 5 1 3
3 2 7 6 5 1 9 8 4
4 3 8 7 6 2 1 9 5
2 7 9 5 1 3 8 4 6
6 5 1 9 8 4 3 2 7
7 6 2 1 9 5 4 3 8
5 1 3 8 4 6 2 7 9
9 8 4 3 2 7 6 5 1
3
7 9 5 1 3 8 4 6 2
8 1 6 2 4 9 5 7 3
3 2 4 6 5 7 9 8 1
1 3 8 4 6 2 7 9 5
2 4 9 5 7 3 8 1 6
6 5 7 9 8 1 3 2 4
4 6 2 7 9 5 1 3 8
5 7 3 8 1 6 2 4 9
9 8 1 3 2 4 6 5 7
3
4 9 2 7 3 5 1 6 8
8 7 6 2 1 9 5 4 3
3 5 1 6 8 4 9 2 7
7 3 5 1 6 8 4 9 2
2 1 9 5 4 3 8 7 6
6 8 4 9 2 7 3 5 1
1 6 8 4 9 2 7 3 5
5 4 3 8 7 6 2 1 9
9 2 7 3 5 1 6 8 4
3
4 3 5 7 6 8 1 9 2
8 7 6 2 1 9 5 4 3
9 2 1 3 5 4 6 8 7
7 6 8 1 9 2 4 3 5
2 1 9 5 4 3 8 7 6
3 5 4 6 8 7 9 2 1
1 9 2 4 3 5 7 6 8
5 4 3 8 7 6 2 1 9
6 8 7 9 2 1 3 5 4
3
4 3 8 7 6 2 1 9 5
2 1 9 5 4 3 8 7 6
6 5 7 9 8 1 3 2 4
7 6 2 1 9 5 4 3 8
5 4 3 8 7 6 2 1 9
9 8 1 3 2 4 6 5 7
1 9 5 4 3 8 7 6 2
8 7 6 2 1 9 5 4 3
3 2 4 6 5 7 9 8 1
3
7 9 5 1 3 8 4 6 2
8 4 3 2 7 6 5 1 9
6 2 1 9 5 4 3 8 7
1 3 8 4 6 2 7 9 5
2 7 6 5 1 9 8 4 3
9 5 4 3 8 7 6 2 1
4 6 2 7 9 5 1 3 8
5 1 9 8 4 3 2 7 6
3 8 7 6 2 1 9 5 4
3
7 9 5 1 3 8 4 6 2
8 4 6 2 7 9 5 1 3
3 2 1 6 5 4 9 8 7
1 3 8 4 6 2 7 9 5
2 7 9 5 1 3 8 4 6
6 5 4 9 8 7 3 2 1
4 6 2 7 9 5 1 3 8
5 1 3 8 4 6 2 7 9
9 8 7 3 2 1 6 5 4
3
7 9 5 1 3 8 4 6 2
2 1 6 5 4 9 8 7 3
3 8 4 6 2 7 9 5 1
1 3 8 4 6 2 7 9 5
5 4 9 8 7 3 2 1 6
6 2 7 9 5 1 3 8 4
4 6 2 7 9 5 1 3 8
8 7 3 2 1 6 5 4 9
9 5 1 3 8 4 6 2 7
3
4 6 8 7 9 2 1 3 5
5 1 3 8 4 6 2 7 9
9 2 7 3 5 1 6 8 4
7 9 2 1 3 5 4 6 8
8 4 6 2 7 9 5 1 3
3 5 1 6 8 4 10 2 7
1 3 5 4 6 8 7 9 2
2 7 9 5 1 3 8 4 6
6 8 4 9 2 7 3 5 1
3
4 9 2 7 3 5 1 6 8
5 7 3 8 1 6 2 4 9
6 8 1 9 2 4 3 5 7
7 3 5 1 6 8 4 9 2
8 1 6 2 4 9 5 7 3
9 2 4 3 5 7 6 8 1
1 6 8 4 9 2 7 3 5
2 4 9 5 7 3 8 1 6
3 5 7 6 8 1 9 2 4
3
7 9 5 1 3 8 4 6 2
8 4 3 2 7 6 5 1 9
6 2 1 9 5 4 3 8 7
1 3 8 4 6 2 7 9 5
2 7 6 5 1 9 8 4 3
9 5 4 3 8 7 6 2 1
4 6 2 7 9 5 1 3 8
5 1 9 8 4 3 2 7 6
3 8 7 6 2 1 9 5 4
3
326 328 327 320 322 321 323 325 324
324 323 325 327 326 328 321 320 322
322 321 320 325 324 323 328 327 326
320 322 321 323 325 324 326 328 327
327 326 328 321 320 322 324 323 325
325 324 323 328 327 326 322 321 320
323 325 324 326 328 327 320 322 321
321 320 322 324 323 325 327 326 328
328 327 326 322 321 320 325 324 323
3
7 9 2 1 3 5 4 6 8
8 1 3 2 4 6 5 7 9
6 5 4 9 8 7 3 2 1
1 3 5 4 6 8 7 9 2
2 4 6 5 7 9 8 1 3
9 8 7 3 2 1 6 5 4
4 6 8 7 9 2 1 3 5
5 7 9 8 1 3 2 4 6
3 2 1 6 5 4 9 8 7
3
7 9 5 1 3 8 4 6 2
8 1 6 2 4 9 5 7 3
3 2 4 6 5 7 9 8 1
1 3 8 4 6 2 7 9 5
2 4 9 5 7 3 8 1 6
6 5 7 9 8 1 3 2 4
4 6 2 7 9 5 1 3 8
5 7 3 8 1 6 2 4 9
9 8 1 3 2 4 6 5 7
3
4 6 2 7 9 5 1 3 8
8 7 9 2 1 3 5 4 6
3 5 1 6 8 4 9 2 7
7 9 5 1 3 8 4 6 2
2 1 3 5 4 6 8 7 9
6 8 4 9 2 7 3 5 1
1 3 8 4 6 2 7 9 5
5 4 6 8 7 9 2 1 3
9 2 7 3 5 1 6 8 4
3
1 9 5 4 3 8 7 6 2
2 7 3 5 1 6 8 4 9
6 8 4 9 2 7 3 5 1
4 3 8 7 6 2 1 9 5
5 1 6 8 4 9 2 7 3
9 2 7 3 5 1 6 8 4
7 6 2 1 9 5 4 3 8
8 4 9 2 7 3 5 1 6
3 5 1 6 8 4 9 2 7
3
7 6 2 1 9 5 4 3 8
5 4 9 8 7 3 2 1 6
3 8 1 6 2 4 9 5 7
1 9 5 4 3 8 7 6 2
8 7 3 2 1 6 5 4 9
6 2 4 9 5 7 3 8 1
4 3 8 7 6 2 1 9 5
2 1 6 5 4 9 8 7 3
9 5 7 3 8 1 6 2 4
3
7 9 5 1 3 8 4 6 2
2 1 3 5 4 6 8 7 9
6 8 4 9 2 7 3 5 1
1 3 8 4 6 2 7 9 5
5 4 6 8 7 9 2 1 3
9 2 7 3 5 1 6 8 4
4 6 2 7 9 5 1 3 8
8 7 9 2 1 3 5 4 6
3 5 1 6 8 4 9 2 7
3
1 3 2 4 6 5 7 9 8
5 7 9 8 1 3 2 4 6
6 8 4 9 2 7 3 5 1
4 6 5 7 9 8 1 3 2
8 1 3 2 4 6 5 7 9
9 2 7 3 5 1 6 8 4
7 9 8 1 3 2 4 6 5
2 4 6 5 7 9 8 1 3
3 5 1 6 8 4 9 2 7
3
1 9 8 4 3 2 7 6 5
5 7 6 8 1 9 2 4 3
3 2 4 6 5 7 9 8 1
4 3 2 7 6 5 1 9 8
8 1 9 2 4 3 5 7 6
6 5 7 9 8 1 3 2 4
7 6 5 1 9 8 4 3 2
2 4 3 5 7 6 8 1 9
9 8 1 3 2 4 6 5 7
3
4 9 2 7 3 5 1 6 8
8 7 6 2 1 9 5 4 3
3 5 1 6 8 4 9 2 7
7 3 5 1 6 8 4 9 2
2 1 9 5 4 3 8 7 6
6 8 4 9 2 7 3 5 1
1 6 8 4 9 2 7 3 5
5 4 3 8 7 6 2 1 9
9 2 7 3 5 1 6 8 4
3
1 3 2 4 6 5 7 9 8
8 4 9 2 7 3 5 1 6
6 5 7 9 8 1 3 2 4
4 6 5 7 9 8 1 3 2
2 7 3 5 1 6 8 4 9
9 8 1 3 2 4 6 5 7
7 9 8 1 3 2 4 6 5
5 1 6 8 4 9 2 7 3
3 2 4 6 5 7 9 8 1
3
4 3 5 7 6 8 1 9 2
8 1 6 2 4 9 5 7 3
9 2 7 3 5 1 6 8 4
7 6 8 1 9 2 4 3 5
2 4 9 5 7 3 8 1 6
3 5 1 6 8 4 9 2 7
1 9 2 4 3 5 7 6 8
5 7 3 8 1 6 2 4 9
6 8 4 9 2 7 3 5 1
3
1 6 2 4 9 5 7 3 8
5 7 9 8 1 3 2 4 6
3 8 4 6 2 7 9 5 1
4 9 5 7 3 8 1 6 2
8 1 3 2 4 6 5 7 9
6 2 7 9 5 1 3 8 4
7 3 8 1 6 2 4 9 5
2 4 6 5 7 9 8 1 3
9 5 1 3 8 4 6 2 7
3
4 6 2 7 9 5 1 3 8
8 7 3 2 1 6 5 4 9
9 5 1 3 8 4 6 2 7
7 9 5 1 3 8 4 6 2
2 1 6 5 4 9 8 7 3
3 8 4 6 2 7 9 5 1
1 3 8 4 6 2 7 9 5
5 4 9 8 7 3 2 1 6
6 2 7 9 5 1 3 8 4
3
1 9 8 4 3 2 7 6 5
2 7 3 5 1 6 8 4 9
6 5 4 9 8 7 3 2 1
4 3 2 7 6 5 1 9 8
5 1 6 8 4 9 2 7 3
9 8 7 3 2 1 6 5 4
7 6 5 1 9 8 4 3 2
8 4 9 2 7 3 5 1 6
3 2 1 6 6 4 9 8 7
3
5 9 5 7 3 8 1 6 2
2 7 3 5 1 6 8 4 9
6 8 1 9 2 4 3 5 7
7 3 8 1 6 2 4 9 5
5 1 6 8 4 9 2 7 3
9 2 4 3 5 7 6 8 1
1 6 2 4 9 5 7 3 8
8 4 9 2 7 3 5 1 6
3 5 7 6 8 1 9 2 4
3
4 6 8 7 9 2 1 3 5
2 1 3 5 4 6 8 7 9
9 5 7 3 8 1 6 2 4
7 9 2 1 3 5 4 6 8
5 4 6 8 7 9 2 1 3
3 8 1 6 2 4 9 5 7
1 3 5 4 6 8 7 9 2
8 7 9 2 1 3 5 4 6
6 2 4 9 5 7 3 8 1
3
1 9 5 4 3 8 7 6 2
8 4 6 2 7 9 5 1 3
3 2 7 6 5 1 9 8 4
4 3 8 7 6 2 1 9 5
2 7 9 5 1 3 8 4 6
6 5 1 9 8 4 3 2 7
7 6 2 1 9 5 4 3 8
5 1 3 8 4 6 2 7 9
9 8 4 3 2 7 6 5 1
3
1 6 2 4 9 5 7 3 8
5 7 3 8 1 6 2 4 9
9 8 4 3 2 7 6 5 1
4 9 5 7 3 8 1 6 2
8 1 6 2 4 9 5 7 3
3 2 7 6 5 1 9 8 4
7 3 8 1 6 2 4 9 5
2 4 9 5 7 3 8 1 6
6 5 1 9 8 4 3 2 7
3
1 6 2 4 9 5 7 3 8
5 7 9 8 1 3 2 4 6
3 8 4 6 2 7 9 5 1
4 9 5 7 3 8 1 6 2
8 1 3 2 4 6 5 7 9
6 2 7 9 5 1 3 8 4
7 3 8 1 6 2 4 9 5
2 4 6 5 7 9 8 1 3
9 5 1 3 8 4 6 2 7
3
1 9 8 4 3 2 7 6 5
2 4 6 5 7 9 8 1 3
3 5 7 6 8 1 9 2 4
4 3 2 7 6 5 1 9 8
5 7 9 8 1 3 2 4 6
6 8 1 9 2 4 3 5 7
7 6 5 1 9 8 4 3 2
8 1 3 2 4 6 5 7 9
9 2 4 3 5 7 6 8 1
3
1 9 8 4 3 2 7 6 5
2 7 3 5 1 6 8 4 9
6 5 4 9 8 7 3 2 1
4 3 2 7 6 5 1 9 8
5 1 6 8 4 9 2 7 3
9 8 7 3 2 1 6 5 4
7 6 5 1 9 8 4 3 2
8 4 9 2 7 3 5 1 6
3 2 1 6 5 4 9 8 7
3
1 3 5 4 7 8 7 9 2
2 4 6 5 7 9 8 1 3
9 8 7 3 2 1 6 5 4
4 6 8 7 9 2 1 3 5
5 7 9 8 1 3 2 4 6
3 2 1 6 5 4 9 8 7
7 9 2 1 3 5 4 6 8
8 1 3 2 4 6 5 7 9
6 5 4 9 8 7 3 2 1
3
1 6 8 4 9 2 7 3 5
2 7 9 5 1 3 8 4 6
3 5 4 6 8 7 9 2 1
4 9 2 7 3 5 1 6 8
5 1 3 8 4 6 2 7 9
6 8 7 9 2 1 3 5 4
7 3 5 1 6 8 4 9 2
8 4 6 2 7 9 5 1 3
9 2 1 3 5 4 6 8 7
3
4 3 2 7 6 5 1 9 8
5 7 9 8 1 3 2 4 6
6 8 1 9 2 4 3 5 7
7 6 5 1 9 8 4 3 2
8 1 3 2 4 6 5 7 9
9 2 4 3 5 7 6 8 1
1 9 8 4 3 2 7 6 5
2 4 6 5 7 9 8 1 3
3 5 7 6 8 1 9 2 4
3
7 6 2 1 9 5 4 3 8
5 4 9 8 7 3 2 1 6
3 8 1 6 2 4 9 5 7
1 9 5 4 3 8 7 6 2
8 7 3 2 1 6 5 4 9
6 2 4 9 5 7 3 8 1
4 3 8 7 6 2 1 9 5
2 1 6 5 4 9 8 7 3
9 5 7 3 8 1 6 2 4
3
418 423 419 421 426 422 424 420 425
422 421 426 425 424 420 419 418 423
420 425 424 423 419 418 426 422 421
421 426 422 424 420 425 418 423 419
425 424 420 419 418 423 422 421 426
423 419 418 426 422 421 420 425 424
424 420 425 418 423 419 421 426 422
419 418 423 422 421 426 425 424 420
426 422 421 420 425 424 423 419 418
3
4 9 5 7 3 8 1 6 2
8 7 6 2 1 9 5 4 3
3 2 1 6 5 4 9 8 7
7 3 8 1 6 2 4 9 5
2 1 9 5 4 3 8 7 6
6 5 4 9 8 7 3 2 1
1 6 2 4 9 5 7 3 8
5 4 3 8 7 6 2 1 9
9 8 7 3 2 1 6 5 4
3
288 287 286 282 290 289 285 284 283
283 282 290 286 285 284 289 288 287
284 289 285 287 283 288 290 286 282
282 290 289 285 284 283 288 287 286
286 285 284 289 288 287 283 282 290
287 283 288 290 286 282 284 289 285
285 284 283 288 287 286 282 290 289
289 288 287 283 282 290 286 285 284
290 286 282 284 289 285 287 283 288
3
1 9 5 4 3 8 7 6 3
8 7 6 2 1 9 5 4 3
3 2 4 6 5 7 9 8 1
4 3 8 7 6 2 1 9 5
2 1 9 5 4 3 8 7 6
6 5 7 9 8 1 3 2 4
7 6 2 1 9 5 4 3 8
5 4 3 8 7 6 2 1 9
9 8 1 3 2 4 6 5 7
3
214 213 215 208 216 209 211 210 212
212 208 210 215 211 213 209 214 216
216 209 211 210 212 214 213 215 208
208 216 209 211 210 212 214 213 215
215 211 213 209 214 216 212 208 210
210 212 214 213 215 208 216 209 211
211 210 212 214 213 215 208 216 209
209 214 216 212 208 210 215 211 213
213 215 208 216 209 211 210 212 214
3
4 3 2 7 6 5 1 9 8
5 1 6 8 4 9 2 7 3
9 8 7 3 2 1 6 5 4
7 6 5 1 9 8 4 3 2
8 4 9 2 7 3 5 1 6
3 2 1 6 5 4 9 8 7
1 9 8 4 3 2 7 6 5
2 7 3 5 1 6 8 4 9
6 5 4 9 8 7 3 2 1
3
7 3 5 1 6 8 4 9 2
8 4 9 2 7 3 5 1 6
6 2 1 9 5 4 3 8 7
1 6 8 4 9 2 7 3 5
2 7 3 5 1 6 8 4 9
9 5 4 3 8 7 6 2 1
4 9 2 7 3 5 1 6 8
5 1 6 8 4 9 2 7 3
3 8 7 6 2 1 9 5 4
3
1 3 8 4 6 2 7 9 5
5 4 9 8 7 3 2 1 6
6 2 7 9 5 1 3 8 4
4 6 2 7 9 5 1 3 8
8 7 3 2 1 6 5 4 9
9 5 1 3 8 4 6 2 7
7 9 5 1 3 8 4 6 2
2 1 6 5 4 9 8 7 3
3 8 5 6 2 7 9 5 1
3
1 6 2 4 9 5 7 3 8
5 7 9 8 1 3 2 4 6
3 8 4 6 2 7 9 5 1
4 9 5 7 3 8 1 6 2
8 1 3 2 4 6 5 7 9
6 2 7 9 5 1 3 8 4
7 3 8 1 6 2 4 9 5
2 4 6 5 7 9 8 1 3
9 5 1 3 8 4 6 2 7
3
4 6 8 7 9 2 1 3 5
2 7 9 5 1 3 8 4 6
3 5 1 6 8 4 9 2 7
7 9 2 1 3 5 4 6 8
5 1 3 8 4 6 2 7 9
6 8 4 9 2 7 3 5 1
1 3 5 4 6 8 7 9 2
8 4 6 2 7 9 5 1 3
9 2 7 3 5 1 6 8 4
3
246 245 244 249 248 247 243 251 250
250 243 251 244 246 245 247 249 248
248 247 249 251 250 243 245 244 246
249 248 247 243 251 250 246 245 244
244 246 245 247 249 248 250 243 251
251 250 243 245 244 246 248 247 249
243 251 250 246 245 244 249 248 247
247 249 248 250 243 251 244 246 245
245 244 246 248 247 249 251 250 243
3
4 3 2 7 6 5 1 9 8
5 1 6 8 4 9 2 7 3
9 8 7 3 2 1 6 5 4
7 6 5 1 9 8 4 3 2
8 4 9 2 7 3 5 1 6
3 2 1 6 5 4 9 8 7
1 9 8 4 4 2 7 6 5
2 7 3 5 1 6 8 4 9
6 5 4 9 8 7 3 2 1
3
4 9 5 7 3 8 1 6 2
2 7 3 5 1 6 8 4 9
6 8 1 9 2 4 3 5 7
7 3 8 1 6 2 4 9 5
5 1 6 8 4 9 2 7 3
9 2 4 3 5 7 6 8 1
1 6 2 4 9 5 7 3 8
8 4 9 2 7 3 5 1 6
3 5 7 6 8 1 9 2 4
3
4 3 2 7 6 5 1 9 8
8 7 9 2 1 3 5 4 6
6 5 1 9 8 4 3 2 7
7 6 5 1 9 8 4 3 2
2 1 3 5 4 6 8 7 9
9 8 4 3 2 7 6 5 1
1 9 8 4 3 2 7 6 5
5 4 6 8 7 9 2 1 3
3 2 7 6 5 1 9 8 4
3
4 3 3 7 6 5 1 9 8
8 1 6 2 4 9 5 7 3
9 5 7 3 8 1 6 2 4
7 6 5 1 9 8 4 3 2
2 4 9 5 7 3 8 1 6
3 8 1 6 2 4 9 5 7
1 9 8 4 3 2 7 6 5
5 7 3 8 1 6 2 4 9
6 2 4 9 5 7 3 8 1
3
1 6 8 4 9 2 7 3 5
5 7 9 8 1 3 2 4 6
3 2 4 6 5 7 9 8 1
4 9 2 7 3 5 1 6 8
8 1 3 2 4 6 5 7 9
6 5 7 9 8 1 3 2 4
7 3 5 1 6 8 4 9 2
2 4 6 5 7 9 8 1 3
9 8 1 3 2 4 6 5 7
3
308 304 309 302 307 303 305 310 306
306 305 310 309 308 304 303 302 307
307 303 302 310 306 305 304 309 308
302 307 303 305 310 306 308 304 309
309 308 304 303 302 307 306 305 310
310 306 305 304 309 308 307 303 302
305 310 306 308 304 309 302 307 303
303 302 307 306 305 310 309 308 304
304 309 308 307 303 302 310 306 305
3
4 9 5 7 3 8 1 6 2
8 1 3 2 4 6 5 7 9
6 2 7 9 5 1 3 8 4
7 3 8 1 6 2 4 9 5
2 4 6 5 7 9 8 1 3
9 5 1 3 8 4 6 2 7
1 6 2 4 9 5 7 3 8
5 7 9 8 1 3 2 4 6
3 8 4 6 2 7 9 5 1
3
4 9 5 7 3 8 1 6 2
8 1 6 2 4 9 5 7 3
3 2 7 6 5 1 9 8 4
7 3 8 1 6 2 4 9 5
2 4 9 5 7 3 8 1 6
6 5 1 9 8 4 3 2 7
1 6 2 4 9 5 7 3 8
5 7 3 8 1 6 2 4 9
9 8 4 3 2 7 6 5 1
3
5 5 5 5 5 5 5 5 5
5 5 5 5 5 5 5 5 5
5 5 5 5 5 5 5 5 5
5 5 5 5 5 5 5 5 5
5 5 5 5 5 5 5 5 5
5 5 5 5 5 5 5 5 5
5 5 5 5 5 5 5 5 5
5 5 5 5 5 5 5 5 5
5 5 5 5 5 5 5 5 5
3
5 5 5 5 5 5 5 5 5
5 5 5 5 5 5 5 5 5
5 5 5 5 5 5 5 5 5
5 5 5 5 5 5 5 5 5
5 5 5 5 5 5 5 5 5
5 5 5 5 5 5 5 5 5
5 5 5 5 5 5 5 5 5
5 5 5 5 5 5 5 5 5
5 5 5 5 5 5 5 5 5
3
1 3 5 4 6 8 7 9 2
8 4 9 2 7 3 5 1 6
6 2 7 9 5 1 3 8 4
4 6 8 7 9 2 1 3 5
2 7 3 5 1 6 8 4 9
9 5 1 3 8 4 6 2 7
7 9 2 1 3 5 4 6 8
5 1 6 8 4 9 2 7 3
3 8 4 6 2 7 9 5 1
3
7 3 5 1 6 8 4 9 2
8 1 6 2 4 9 5 7 3
9 2 4 3 5 7 6 8 1
1 6 8 4 9 2 7 3 5
2 4 9 5 7 3 8 1 6
3 5 7 6 8 1 9 2 4
4 9 2 7 3 5 1 6 8
5 7 3 8 1 6 2 4 9
6 8 1 9 2 4 3 5 7
3
7 6 8 1 9 2 4 3 5
5 1 9 8 4 3 2 7 6
3 2 4 6 5 7 9 8 1
1 9 2 4 3 5 7 6 8
8 4 3 2 7 6 5 1 9
6 5 7 9 8 1 3 2 4
4 3 5 7 6 8 1 9 2
2 7 6 5 1 9 8 4 3
9 8 1 3 2 4 6 5 7
3
4 6 2 7 9 5 1 3 8
8 1 3 2 4 6 5 7 9
9 5 7 3 8 1 6 2 4
7 9 5 1 3 8 4 6 2
2 4 6 5 7 9 8 1 3
3 8 1 6 2 4 9 5 7
1 3 8 4 6 2 7 9 5
5 7 9 8 1 3 2 4 6
6 2 4 9 5 7 3 8 1
3
7 9 2 1 3 5 4 6 8
8 1 3 2 4 6 5 7 9
6 5 4 9 8 7 3 2 1
1 3 5 4 6 8 7 9 2
2 4 6 5 7 9 8 1 3
9 8 7 3 2 1 6 5 4
4 6 8 7 9 2 1 4 5
5 7 9 8 1 3 2 4 6
3 2 1 6 5 4 9 8 7
3
7 6 2 1 9 5 4 3 8
5 1 9 8 4 3 2 7 6
3 8 4 6 2 7 9 5 1
1 9 5 4 3 8 7 6 2
8 4 3 2 7 6 5 1 9
6 2 7 9 5 1 3 8 4
4 3 8 7 6 2 1 9 5
2 7 6 5 1 9 8 4 3
9 5 1 3 8 4 6 2 7
3
1 6 8 4 9 2 7 3 5
5 4 3 8 7 6 2 1 9
9 2 7 3 5 1 6 8 4
4 9 2 7 3 5 1 6 8
8 7 6 2 1 9 5 4 3
3 5 1 6 8 4 9 2 7
7 3 5 1 6 8 4 9 2
2 1 9 5 4 3 8 7 6
6 8 4 9 2 7 3 5 1
3
1 9 5 4 3 8 7 6 2
8 7 6 2 1 9 5 4 3
3 2 4 6 5 7 9 8 1
4 3 8 7 6 2 1 9 5
2 1 9 5 4 3 8 7 6
6 5 7 9 8 1 3 2 4
7 6 2 1 9 5 4 3 8
5 4 3 8 7 6 2 1 9
9 8 1 3 2 4 6 5 7
3
1 6 5 4 9 8 7 3 2
2 7 3 5 1 6 8 4 9
9 8 4 3 2 7 6 5 1
4 9 8 7 3 2 1 6 5
5 1 6 8 4 9 2 7 3
3 2 7 6 5 1 9 8 4
7 3 2 1 6 5 4 9 8
8 4 9 2 7 3 5 1 6
6 5 1 9 8 4 3 2 7
3
1 6 6 4 9 8 7 3 2
2 7 3 5 1 6 8 4 9
9 8 4 3 2 7 6 5 1
4 9 8 7 3 2 1 6 5
5 1 6 8 4 9 2 7 3
3 2 7 6 5 1 9 8 4
7 3 2 1 6 5 4 9 8
8 4 9 2 7 3 5 1 6
6 5 1 9 8 4 3 2 7
3
7 9 8 1 3 2 4 6 5
2 4 6 5 7 9 8 1 3
3 5 1 6 8 4 9 2 7
1 3 2 4 6 5 7 9 8
5 7 9 8 1 3 2 4 6
6 8 4 9 2 7 3 5 1
4 6 5 7 9 8 1 3 2
8 1 3 2 4 6 5 7 9
9 2 7 3 5 1 6 8 4
3
7 3 2 1 6 5 4 9 8
8 4 9 2 7 3 5 1 6
6 5 1 9 8 4 3 2 7
1 6 5 4 9 8 7 3 2
2 7 3 5 1 6 8 4 9
9 8 4 3 2 7 6 5 1
4 9 8 7 3 2 1 6 5
5 1 6 8 4 9 2 7 3
3 2 8 6 5 1 9 8 4
3
1 3 8 4 6 2 7 9 5
5 7 9 8 1 3 2 4 6
6 2 4 9 5 7 3 8 1
4 6 2 7 9 5 1 3 8
8 1 3 2 4 6 5 7 9
9 5 7 3 8 1 6 2 4
7 9 5 1 3 8 4 6 2
2 4 6 5 7 9 8 1 3
3 8 1 6 2 4 9 5 7
3
1 3 8 4 6 2 7 9 5
5 4 9 8 7 3 2 1 6
6 2 7 9 5 1 3 8 4
4 6 3 7 9 5 1 3 8
8 7 3 2 1 6 5 4 9
9 5 1 3 8 4 6 2 7
7 9 5 1 3 8 4 6 2
2 1 6 5 4 9 8 7 3
3 8 4 6 2 7 9 5 1
3
1 3 2 4 6 5 7 9 8
8 4 6 2 7 9 5 1 3
9 5 7 3 8 1 6 2 4
4 6 5 7 9 8 1 3 2
2 7 9 5 1 3 8 4 6
3 8 1 6 2 4 9 5 7
7 9 8 1 3 2 4 6 5
5 1 3 8 4 6 2 7 9
6 2 4 9 5 7 3 8 1
3
4 3 8 7 6 2 1 9 5
2 7 6 5 1 9 8 4 3
9 5 1 3 8 4 6 2 7
7 6 2 1 9 5 4 3 8
5 1 9 8 4 3 3 7 6
3 8 4 6 2 7 9 5 1
1 9 5 4 3 8 7 6 2
8 4 3 2 7 6 5 1 9
6 2 7 9 5 1 3 8 4
3
114 119 115 117 113 118 111 116 112
112 117 116 115 111 119 118 114 113
113 118 111 116 112 114 119 115 117
117 113 118 111 116 112 114 119 115
115 111 119 118 114 113 112 117 116
116 112 114 119 115 117 113 118 111
111 116 112 114 119 115 117 113 118
118 114 113 112 117 116 115 111 119
119 115 117 113 118 111 116 112 114
3
7 6 2 1 9 5 4 3 8
5 1 3 8 4 6 2 7 9
9 8 4 3 2 7 6 5 1
1 9 5 4 3 8 7 6 2
8 4 6 2 7 9 5 1 3
3 2 7 6 5 1 9 8 4
4 3 8 7 6 2 1 9 5
2 7 9 5 1 3 8 4 6
6 5 1 9 8 4 3 2 7
3
7 6 5 1 9 8 4 3 2
2 1 3 5 4 6 8 7 9
9 8 4 3 2 7 6 5 1
1 9 8 4 3 2 7 6 5
5 4 6 8 7 9 2 1 3
3 2 7 6 5 1 9 8 4
4 3 2 7 6 5 1 9 8
8 7 9 2 1 3 5 4 6
6 5 1 9 8 4 3 2 7
3
7 3 2 1 6 5 4 9 8
8 4 9 2 7 3 5 1 6
6 5 1 9 8 4 3 2 7
1 6 6 4 9 8 7 3 2
2 7 3 5 1 6 8 4 9
9 8 4 3 2 7 6 5 1
4 9 8 7 3 2 1 6 5
5 1 6 8 4 9 2 7 3
3 2 7 6 5 1 9 8 4
3
4 6 5 7 9 8 1 3 2
2 7 3 5 1 6 8 4 9
9 8 1 3 2 4 6 5 7
7 9 8 1 3 2 4 6 5
5 1 6 8 4 9 2 7 3
3 2 4 6 5 7 9 8 1
1 3 2 4 6 5 7 9 8
8 4 9 2 7 3 5 1 6
6 5 7 9 8 1 3 2 4
3
76 72 71 70 75 74 73 78 77
74 70 78 77 73 72 71 76 75
75 77 73 78 71 76 72 74 70
70 75 74 73 78 77 76 72 71
77 73 72 71 76 75 74 70 78
78 71 76 72 74 70 75 77 73
73 78 77 76 72 71 70 75 74
71 76 75 74 70 78 77 73 72
72 74 70 75 77 73 78 71 76
3
7 6 2 1 9 5 4 3 8
5 1 9 8 4 3 2 7 6
3 8 4 6 2 7 9 5 1
1 9 5 4 3 8 7 6 2
8 4 3 2 7 6 5 1 9
6 2 7 9 5 1 3 8 4
4 3 8 7 6 2 1 9 5
2 7 6 5 1 9 8 4 3
9 5 1 3 8 4 6 2 7
3
393 395 394 396 398 397 399 401 400
400 399 401 394 393 395 397 396 398
398 397 396 401 400 399 395 394 393
396 398 397 399 401 400 393 395 394
394 393 395 397 396 398 400 399 401
401 400 399 395 394 393 398 397 396
399 401 400 393 395 394 396 398 397
397 396 398 400 399 401 394 393 395
395 394 393 398 397 396 401 400 399
3
7 3 2 1 6 5 4 9 8
8 1 9 2 4 3 5 7 6
6 5 4 9 8 7 3 2 1
1 6 5 4 9 8 7 3 2
2 4 3 5 7 6 8 1 9
9 8 7 3 2 1 6 5 4
4 9 8 7 3 2 1 6 5
5 7 6 8 1 9 2 4 3
3 2 1 6 5 4 9 8 7
3
4 9 2 7 3 5 1 6 8
5 7 3 8 1 6 2 4 9
6 8 1 9 3 4 3 5 7
7 3 5 1 6 8 4 9 2
8 1 6 2 4 9 5 7 3
9 2 4 3 5 7 6 8 1
1 6 8 4 9 2 7 3 5
2 4 9 5 7 3 8 1 6
3 5 7 6 8 1 9 2 4
3
7 3 5 1 6 8 4 9 2
8 1 9 2 4 3 5 7 6
6 2 4 9 5 7 3 8 1
1 6 8 4 9 2 7 3 5
2 4 3 5 7 6 8 1 9
9 5 7 3 8 1 6 2 4
4 9 2 7 3 5 1 6 8
5 7 6 8 1 9 2 4 3
3 8 1 6 2 4 9 5 7
3
1 6 8 4 9 2 7 3 5
5 4 9 8 7 3 2 1 6
3 2 7 6 5 1 9 8 4
4 9 2 7 3 5 1 6 8
8 7 3 2 1 6 5 4 9
6 5 1 9 9 4 3 2 7
7 3 5 1 6 8 4 9 2
2 1 6 5 4 9 8 7 3
9 8 4 3 2 7 6 5 1
3
1 3 2 4 6 5 7 9 8
8 4 9 2 7 3 5 1 6
6 5 7 9 8 1 3 2 4
4 6 5 7 9 8 1 3 2
2 7 3 5 1 6 8 4 9
9 8 1 3 2 4 6 5 7
7 9 8 1 3 2 4 6 5
5 1 6 8 4 9 2 7 3
3 2 4 6 5 7 9 8 1
3
1 3 5 4 6 8 7 9 2
2 7 6 5 1 9 8 4 3
9 8 4 3 2 7 6 5 1
4 6 8 7 9 2 1 3 5
5 1 9 8 4 3 2 7 6
3 2 7 6 5 1 9 8 4
7 9 2 1 3 5 4 6 8
8 4 3 2 7 6 5 1 9
6 5 1 9 8 4 3 2 7
3
4 3 2 7 6 5 1 9 8
8 1 9 2 4 3 5 7 6
6 5 7 9 8 1 3 2 4
7 6 5 1 9 8 4 3 2
2 4 3 5 7 6 8 1 9
9 8 1 3 2 4 6 5 7
1 9 8 4 3 2 7 6 5
5 7 6 8 1 9 2 4 3
3 2 4 6 5 7 9 8 1
3
7 3 8 1 6 2 4 9 5
2 1 9 5 4 3 8 7 6
6 5 4 9 8 7 3 2 1
1 6 2 4 9 5 7 3 8
5 4 3 8 7 6 3 1 9
9 8 7 3 2 1 6 5 4
4 9 5 7 3 8 1 6 2
8 7 6 2 1 9 5 4 3
3 2 1 6 5 4 9 8 7
3
1 6 8 4 9 2 7 3 5
5 7 9 8 1 3 2 4 6
3 2 4 6 5 7 9 8 1
4 9 2 7 3 5 1 6 8
8 1 3 2 4 6 5 7 9
6 5 7 9 8 1 3 2 4
7 3 5 1 6 8 4 9 2
2 4 6 5 7 9 8 1 3
9 8 1 3 2 4 6 5 7
3
7 6 5 1 9 8 4 3 2
2 4 9 5 7 3 8 1 6
3 8 1 6 2 4 9 5 7
1 9 8 4 3 2 7 6 5
5 7 3 8 1 6 2 4 9
6 2 4 9 5 7 3 8 1
4 3 2 7 6 5 1 9 8
8 1 6 2 4 9 5 7 3
9 5 7 3 8 1 6 2 4
3
4 6 8 7 9 2 1 3 5
5 1 9 8 4 3 2 7 6
3 2 7 6 5 1 9 8 4
7 9 2 1 3 5 4 6 8
8 4 3 2 7 6 5 1 9
6 5 1 9 8 4 3 2 7
1 3 5 4 6 8 7 9 2
2 7 6 5 1 9 8 4 3
9 8 4 3 2 7 6 5 1
3
7 6 5 1 9 8 4 3 2
8 1 3 2 4 6 5 7 9
9 2 4 3 5 7 6 8 1
1 9 8 4 3 2 7 6 5
2 4 6 5 7 9 8 1 3
3 5 7 6 8 1 9 2 4
4 3 2 7 6 5 1 9 8
5 7 9 8 1 3 2 4 6
6 8 1 9 2 4 3 5 7
3
1 9 8 4 3 2 7 6 5
2 7 6 5 1 9 8 4 3
3 5 4 6 8 7 9 2 1
4 3 2 7 6 5 1 9 8
5 1 9 8 4 4 2 7 6
6 8 7 9 2 1 3 5 4
7 6 5 1 9 8 4 3 2
8 4 3 2 7 6 5 1 9
9 2 1 3 5 4 6 8 7
3
1 6 8 4 9 2 7 3 5
2 4 9 5 7 3 8 1 6
3 5 7 6 8 1 9 2 4
4 9 2 7 3 5 1 6 8
5 7 3 8 1 6 2 4 9
6 8 1 9 2 4 3 5 7
7 3 5 1 6 8 4 9 2
8 1 6 2 4 9 5 7 3
9 2 4 3 5 7 6 8 1
3
4 6 8 7 9 2 1 3 5
5 7 9 8 1 3 2 4 6
3 2 1 6 5 4 9 8 7
7 9 2 1 3 5 4 7 8
8 1 3 2 4 6 5 7 9
6 5 4 9 8 7 3 2 1
1 3 5 4 6 8 7 9 2
2 4 6 5 7 9 8 1 3
9 8 7 3 2 1 6 5 4
3
203 205 210 206 208 204 209 211 207
204 206 211 207 209 205 210 203 208
208 207 209 211 210 203 205 204 206
206 208 204 209 211 207 203 205 210
207 209 205 210 203 208 204 206 211
211 210 203 205 204 206 208 207 209
209 211 207 203 205 210 206 208 204
210 203 208 204 206 211 207 209 205
205 204 206 208 207 209 211 210 203
